New Color: 1
Node Color Array: 00000000000000000000
New Color: 2
Node Color Array: 00020000020000022000
New Color: 3
Node Color Array: 00320000320000322000
New Color: 4
Node Color Array: 04320004320004322000
New Color: 5
Node Color Array: 54320054320054322000
New Color: 6
Node Color Array: 54320654320654322006
New Color: 7
Node Color Array: 54327654327654322076
New Color: 8
Node Color Array: 54327654327654322876
0 1 1 0 1 1 0 0 0 0 1 0 0 0 0 0 0 1 1 0 0 
1 5 0 0 1 0 0 0 0 0 1 0 0 0 0 0 1 1 0 0 0 
1 0 4 0 1 1 1 0 0 0 0 0 0 0 0 0 0 0 0 0 0 
0 0 0 3 1 0 1 0 0 1 0 0 1 0 0 0 0 0 0 0 0 
1 1 1 1 2 0 0 0 1 1 0 1 0 0 0 1 1 0 0 0 0 
1 0 1 0 0 7 1 1 0 0 0 0 0 1 1 0 0 0 1 0 0 
0 0 1 1 0 1 6 0 0 0 0 0 1 0 1 0 0 0 0 1 0 
0 0 0 0 0 1 0 5 0 0 0 0 0 1 0 0 0 0 1 0 0 
0 0 0 0 1 0 0 0 4 0 0 1 0 0 0 0 0 0 0 0 0 
0 0 0 1 1 0 0 0 0 3 0 0 1 0 0 0 0 0 0 0 0 
1 1 0 0 0 0 0 0 0 0 2 0 0 0 0 0 1 1 0 0 0 
0 0 0 0 1 0 0 0 1 0 0 7 0 0 0 0 0 0 0 0 0 
0 0 0 1 0 0 1 0 0 1 0 0 6 0 0 0 0 0 0 0 0 
0 0 0 0 0 1 0 1 0 0 0 0 0 5 1 0 0 0 0 0 0 
0 0 0 0 0 1 1 0 0 0 0 0 0 1 4 0 0 0 0 1 0 
0 0 0 0 1 0 0 0 0 0 0 0 0 0 0 3 0 0 0 0 0 
0 1 0 0 1 0 0 0 0 0 1 0 0 0 0 0 2 1 0 0 0 
1 1 0 0 0 0 0 0 0 0 1 0 0 0 0 0 1 2 0 0 0 
1 0 0 0 0 1 0 1 0 0 0 0 0 0 0 0 0 0 8 0 0 
0 0 0 0 0 0 1 0 0 0 0 0 0 0 1 0 0 0 0 7 0 
0 0 0 0 0 0 0 0 0 0 0 0 0 0 0 0 0 0 0 0 6 
