OpenList

Time: 0 ProcessorUsed 3
Hash Table
1 2 3 
2 6 
3 6 10 8 
4 2 6 5 
5 13 14 
6 11 12 13 
7 3 
8 15 11 
9 3 
10 
11 
12 14 
13 
14 
15 
Schedule
1 0 0 0 0 0 0 0 0 0 0 0 0 0 0 
4 0 0 0 0 0 0 0 0 0 0 0 0 0 0 
7 0 0 0 0 0 0 0 0 0 0 0 0 0 0 
9 0 0 0 0 0 0 0 0 0 0 0 0 0 0 
0 0 0 0 0 0 0 0 0 0 0 0 0 0 0 
0 0 0 0 0 0 0 0 0 0 0 0 0 0 0 
0 0 0 0 0 0 0 0 0 0 0 0 0 0 0 
0 0 0 0 0 0 0 0 0 0 0 0 0 0 0 
0 0 0 0 0 0 0 0 0 0 0 0 0 0 0 
0 0 0 0 0 0 0 0 0 0 0 0 0 0 0 
0 0 0 0 0 0 0 0 0 0 0 0 0 0 0 
0 0 0 0 0 0 0 0 0 0 0 0 0 0 0 
0 0 0 0 0 0 0 0 0 0 0 0 0 0 0 
0 0 0 0 0 0 0 0 0 0 0 0 0 0 0 
0 0 0 0 0 0 0 0 0 0 0 0 0 0 0 
Job Time
1 1
2 1
3 1
4 1
5 1
6 1
7 1
8 1
9 1
10 1
11 1
12 1
13 1
14 1
15 1
Process Job
1 1
2 4
3 7
4 9
5 0
6 0
7 0
8 0
9 0
10 0
11 0
12 0
13 0
14 0
15 0
Process Time
1 1
2 1
3 1
4 1
5 0
6 0
7 0
8 0
9 0
10 0
11 0
12 0
13 0
14 0
15 0
Parent Count
1 0
2 2
3 3
4 0
5 1
6 3
7 0
8 1
9 0
10 1
11 2
12 1
13 2
14 2
15 1
Job Marked
1 1
2 0
3 0
4 1
5 0
6 0
7 1
8 0
9 1
10 0
11 0
12 0
13 0
14 0
15 0
Job Done
1 0
2 0
3 0
4 0
5 0
6 0
7 0
8 0
9 0
10 0
11 0
12 0
13 0
14 0
15 0
*****1******
*****4******
*****7******
*****9******
Time: 1 ProcessorUsed 3
Job Time
1 1
2 1
3 1
4 1
5 1
6 1
7 1
8 1
9 1
10 1
11 1
12 1
13 1
14 1
15 1
Process Job
1 0
2 0
3 0
4 0
5 0
6 0
7 0
8 0
9 0
10 0
11 0
12 0
13 0
14 0
15 0
Process Time
1 0
2 0
3 0
4 0
5 0
6 0
7 0
8 0
9 0
10 0
11 0
12 0
13 0
14 0
15 0
Parent Count
1 0
2 0
3 0
4 0
5 0
6 2
7 0
8 1
9 0
10 1
11 2
12 1
13 2
14 2
15 1
Job Marked
1 1
2 0
3 0
4 1
5 0
6 0
7 1
8 0
9 1
10 0
11 0
12 0
13 0
14 0
15 0
Job Done
1 1
2 0
3 0
4 1
5 0
6 0
7 1
8 0
9 1
10 0
11 0
12 0
13 0
14 0
15 0
OpenList

Time: 1 ProcessorUsed 3
Hash Table
1 2 3 
2 6 
3 6 10 8 
4 2 6 5 
5 13 14 
6 11 12 13 
7 3 
8 15 11 
9 3 
10 
11 
12 14 
13 
14 
15 
Schedule
1 2 0 0 0 0 0 0 0 0 0 0 0 0 0 
4 3 0 0 0 0 0 0 0 0 0 0 0 0 0 
7 5 0 0 0 0 0 0 0 0 0 0 0 0 0 
9 0 0 0 0 0 0 0 0 0 0 0 0 0 0 
0 0 0 0 0 0 0 0 0 0 0 0 0 0 0 
0 0 0 0 0 0 0 0 0 0 0 0 0 0 0 
0 0 0 0 0 0 0 0 0 0 0 0 0 0 0 
0 0 0 0 0 0 0 0 0 0 0 0 0 0 0 
0 0 0 0 0 0 0 0 0 0 0 0 0 0 0 
0 0 0 0 0 0 0 0 0 0 0 0 0 0 0 
0 0 0 0 0 0 0 0 0 0 0 0 0 0 0 
0 0 0 0 0 0 0 0 0 0 0 0 0 0 0 
0 0 0 0 0 0 0 0 0 0 0 0 0 0 0 
0 0 0 0 0 0 0 0 0 0 0 0 0 0 0 
0 0 0 0 0 0 0 0 0 0 0 0 0 0 0 
Job Time
1 1
2 1
3 1
4 1
5 1
6 1
7 1
8 1
9 1
10 1
11 1
12 1
13 1
14 1
15 1
Process Job
1 2
2 3
3 5
4 0
5 0
6 0
7 0
8 0
9 0
10 0
11 0
12 0
13 0
14 0
15 0
Process Time
1 1
2 1
3 1
4 0
5 0
6 0
7 0
8 0
9 0
10 0
11 0
12 0
13 0
14 0
15 0
Parent Count
1 0
2 0
3 0
4 0
5 0
6 2
7 0
8 1
9 0
10 1
11 2
12 1
13 2
14 2
15 1
Job Marked
1 1
2 1
3 1
4 1
5 1
6 0
7 1
8 0
9 1
10 0
11 0
12 0
13 0
14 0
15 0
Job Done
1 1
2 0
3 0
4 1
5 0
6 0
7 1
8 0
9 1
10 0
11 0
12 0
13 0
14 0
15 0
*****2******
*****3******
*****5******
Time: 2 ProcessorUsed 3
Job Time
1 1
2 1
3 1
4 1
5 1
6 1
7 1
8 1
9 1
10 1
11 1
12 1
13 1
14 1
15 1
Process Job
1 0
2 0
3 0
4 0
5 0
6 0
7 0
8 0
9 0
10 0
11 0
12 0
13 0
14 0
15 0
Process Time
1 0
2 0
3 0
4 0
5 0
6 0
7 0
8 0
9 0
10 0
11 0
12 0
13 0
14 0
15 0
Parent Count
1 0
2 0
3 0
4 0
5 0
6 0
7 0
8 0
9 0
10 0
11 2
12 1
13 1
14 1
15 1
Job Marked
1 1
2 1
3 1
4 1
5 1
6 0
7 1
8 0
9 1
10 0
11 0
12 0
13 0
14 0
15 0
Job Done
1 1
2 1
3 1
4 1
5 1
6 0
7 1
8 0
9 1
10 0
11 0
12 0
13 0
14 0
15 0
OpenList

Time: 2 ProcessorUsed 3
Hash Table
1 2 3 
2 6 
3 6 10 8 
4 2 6 5 
5 13 14 
6 11 12 13 
7 3 
8 15 11 
9 3 
10 
11 
12 14 
13 
14 
15 
Schedule
1 2 6 0 0 0 0 0 0 0 0 0 0 0 0 
4 3 8 0 0 0 0 0 0 0 0 0 0 0 0 
7 5 10 0 0 0 0 0 0 0 0 0 0 0 0 
9 0 0 0 0 0 0 0 0 0 0 0 0 0 0 
0 0 0 0 0 0 0 0 0 0 0 0 0 0 0 
0 0 0 0 0 0 0 0 0 0 0 0 0 0 0 
0 0 0 0 0 0 0 0 0 0 0 0 0 0 0 
0 0 0 0 0 0 0 0 0 0 0 0 0 0 0 
0 0 0 0 0 0 0 0 0 0 0 0 0 0 0 
0 0 0 0 0 0 0 0 0 0 0 0 0 0 0 
0 0 0 0 0 0 0 0 0 0 0 0 0 0 0 
0 0 0 0 0 0 0 0 0 0 0 0 0 0 0 
0 0 0 0 0 0 0 0 0 0 0 0 0 0 0 
0 0 0 0 0 0 0 0 0 0 0 0 0 0 0 
0 0 0 0 0 0 0 0 0 0 0 0 0 0 0 
Job Time
1 1
2 1
3 1
4 1
5 1
6 1
7 1
8 1
9 1
10 1
11 1
12 1
13 1
14 1
15 1
Process Job
1 6
2 8
3 10
4 0
5 0
6 0
7 0
8 0
9 0
10 0
11 0
12 0
13 0
14 0
15 0
Process Time
1 1
2 1
3 1
4 0
5 0
6 0
7 0
8 0
9 0
10 0
11 0
12 0
13 0
14 0
15 0
Parent Count
1 0
2 0
3 0
4 0
5 0
6 0
7 0
8 0
9 0
10 0
11 2
12 1
13 1
14 1
15 1
Job Marked
1 1
2 1
3 1
4 1
5 1
6 1
7 1
8 1
9 1
10 1
11 0
12 0
13 0
14 0
15 0
Job Done
1 1
2 1
3 1
4 1
5 1
6 0
7 1
8 0
9 1
10 0
11 0
12 0
13 0
14 0
15 0
*****6******
*****8******
*****10******
Time: 3 ProcessorUsed 3
Job Time
1 1
2 1
3 1
4 1
5 1
6 1
7 1
8 1
9 1
10 1
11 1
12 1
13 1
14 1
15 1
Process Job
1 0
2 0
3 0
4 0
5 0
6 0
7 0
8 0
9 0
10 0
11 0
12 0
13 0
14 0
15 0
Process Time
1 0
2 0
3 0
4 0
5 0
6 0
7 0
8 0
9 0
10 0
11 0
12 0
13 0
14 0
15 0
Parent Count
1 0
2 0
3 0
4 0
5 0
6 0
7 0
8 0
9 0
10 0
11 0
12 0
13 0
14 1
15 0
Job Marked
1 1
2 1
3 1
4 1
5 1
6 1
7 1
8 1
9 1
10 1
11 0
12 0
13 0
14 0
15 0
Job Done
1 1
2 1
3 1
4 1
5 1
6 1
7 1
8 1
9 1
10 1
11 0
12 0
13 0
14 0
15 0
OpenList

Time: 3 ProcessorUsed 3
Hash Table
1 2 3 
2 6 
3 6 10 8 
4 2 6 5 
5 13 14 
6 11 12 13 
7 3 
8 15 11 
9 3 
10 
11 
12 14 
13 
14 
15 
Schedule
1 2 6 11 0 0 0 0 0 0 0 0 0 0 0 
4 3 8 12 0 0 0 0 0 0 0 0 0 0 0 
7 5 10 13 0 0 0 0 0 0 0 0 0 0 0 
9 0 0 15 0 0 0 0 0 0 0 0 0 0 0 
0 0 0 0 0 0 0 0 0 0 0 0 0 0 0 
0 0 0 0 0 0 0 0 0 0 0 0 0 0 0 
0 0 0 0 0 0 0 0 0 0 0 0 0 0 0 
0 0 0 0 0 0 0 0 0 0 0 0 0 0 0 
0 0 0 0 0 0 0 0 0 0 0 0 0 0 0 
0 0 0 0 0 0 0 0 0 0 0 0 0 0 0 
0 0 0 0 0 0 0 0 0 0 0 0 0 0 0 
0 0 0 0 0 0 0 0 0 0 0 0 0 0 0 
0 0 0 0 0 0 0 0 0 0 0 0 0 0 0 
0 0 0 0 0 0 0 0 0 0 0 0 0 0 0 
0 0 0 0 0 0 0 0 0 0 0 0 0 0 0 
Job Time
1 1
2 1
3 1
4 1
5 1
6 1
7 1
8 1
9 1
10 1
11 1
12 1
13 1
14 1
15 1
Process Job
1 11
2 12
3 13
4 15
5 0
6 0
7 0
8 0
9 0
10 0
11 0
12 0
13 0
14 0
15 0
Process Time
1 1
2 1
3 1
4 1
5 0
6 0
7 0
8 0
9 0
10 0
11 0
12 0
13 0
14 0
15 0
Parent Count
1 0
2 0
3 0
4 0
5 0
6 0
7 0
8 0
9 0
10 0
11 0
12 0
13 0
14 1
15 0
Job Marked
1 1
2 1
3 1
4 1
5 1
6 1
7 1
8 1
9 1
10 1
11 1
12 1
13 1
14 0
15 1
Job Done
1 1
2 1
3 1
4 1
5 1
6 1
7 1
8 1
9 1
10 1
11 0
12 0
13 0
14 0
15 0
*****11******
*****12******
*****13******
*****15******
Time: 4 ProcessorUsed 3
Job Time
1 1
2 1
3 1
4 1
5 1
6 1
7 1
8 1
9 1
10 1
11 1
12 1
13 1
14 1
15 1
Process Job
1 0
2 0
3 0
4 0
5 0
6 0
7 0
8 0
9 0
10 0
11 0
12 0
13 0
14 0
15 0
Process Time
1 0
2 0
3 0
4 0
5 0
6 0
7 0
8 0
9 0
10 0
11 0
12 0
13 0
14 0
15 0
Parent Count
1 0
2 0
3 0
4 0
5 0
6 0
7 0
8 0
9 0
10 0
11 0
12 0
13 0
14 0
15 0
Job Marked
1 1
2 1
3 1
4 1
5 1
6 1
7 1
8 1
9 1
10 1
11 1
12 1
13 1
14 0
15 1
Job Done
1 1
2 1
3 1
4 1
5 1
6 1
7 1
8 1
9 1
10 1
11 1
12 1
13 1
14 0
15 1
OpenList

Time: 4 ProcessorUsed 3
Hash Table
1 2 3 
2 6 
3 6 10 8 
4 2 6 5 
5 13 14 
6 11 12 13 
7 3 
8 15 11 
9 3 
10 
11 
12 14 
13 
14 
15 
Schedule
1 2 6 11 14 0 0 0 0 0 0 0 0 0 0 
4 3 8 12 0 0 0 0 0 0 0 0 0 0 0 
7 5 10 13 0 0 0 0 0 0 0 0 0 0 0 
9 0 0 15 0 0 0 0 0 0 0 0 0 0 0 
0 0 0 0 0 0 0 0 0 0 0 0 0 0 0 
0 0 0 0 0 0 0 0 0 0 0 0 0 0 0 
0 0 0 0 0 0 0 0 0 0 0 0 0 0 0 
0 0 0 0 0 0 0 0 0 0 0 0 0 0 0 
0 0 0 0 0 0 0 0 0 0 0 0 0 0 0 
0 0 0 0 0 0 0 0 0 0 0 0 0 0 0 
0 0 0 0 0 0 0 0 0 0 0 0 0 0 0 
0 0 0 0 0 0 0 0 0 0 0 0 0 0 0 
0 0 0 0 0 0 0 0 0 0 0 0 0 0 0 
0 0 0 0 0 0 0 0 0 0 0 0 0 0 0 
0 0 0 0 0 0 0 0 0 0 0 0 0 0 0 
Job Time
1 1
2 1
3 1
4 1
5 1
6 1
7 1
8 1
9 1
10 1
11 1
12 1
13 1
14 1
15 1
Process Job
1 14
2 0
3 0
4 0
5 0
6 0
7 0
8 0
9 0
10 0
11 0
12 0
13 0
14 0
15 0
Process Time
1 1
2 0
3 0
4 0
5 0
6 0
7 0
8 0
9 0
10 0
11 0
12 0
13 0
14 0
15 0
Parent Count
1 0
2 0
3 0
4 0
5 0
6 0
7 0
8 0
9 0
10 0
11 0
12 0
13 0
14 0
15 0
Job Marked
1 1
2 1
3 1
4 1
5 1
6 1
7 1
8 1
9 1
10 1
11 1
12 1
13 1
14 1
15 1
Job Done
1 1
2 1
3 1
4 1
5 1
6 1
7 1
8 1
9 1
10 1
11 1
12 1
13 1
14 0
15 1
*****14******
Time: 5 ProcessorUsed 3
Job Time
1 1
2 1
3 1
4 1
5 1
6 1
7 1
8 1
9 1
10 1
11 1
12 1
13 1
14 1
15 1
Process Job
1 0
2 0
3 0
4 0
5 0
6 0
7 0
8 0
9 0
10 0
11 0
12 0
13 0
14 0
15 0
Process Time
1 0
2 0
3 0
4 0
5 0
6 0
7 0
8 0
9 0
10 0
11 0
12 0
13 0
14 0
15 0
Parent Count
1 0
2 0
3 0
4 0
5 0
6 0
7 0
8 0
9 0
10 0
11 0
12 0
13 0
14 0
15 0
Job Marked
1 1
2 1
3 1
4 1
5 1
6 1
7 1
8 1
9 1
10 1
11 1
12 1
13 1
14 1
15 1
Job Done
1 1
2 1
3 1
4 1
5 1
6 1
7 1
8 1
9 1
10 1
11 1
12 1
13 1
14 1
15 1
1 2 6 11 14 0 0 0 0 0 0 0 0 0 0 
4 3 8 12 0 0 0 0 0 0 0 0 0 0 0 
7 5 10 13 0 0 0 0 0 0 0 0 0 0 0 
9 0 0 15 0 0 0 0 0 0 0 0 0 0 0 
0 0 0 0 0 0 0 0 0 0 0 0 0 0 0 
0 0 0 0 0 0 0 0 0 0 0 0 0 0 0 
0 0 0 0 0 0 0 0 0 0 0 0 0 0 0 
0 0 0 0 0 0 0 0 0 0 0 0 0 0 0 
0 0 0 0 0 0 0 0 0 0 0 0 0 0 0 
0 0 0 0 0 0 0 0 0 0 0 0 0 0 0 
0 0 0 0 0 0 0 0 0 0 0 0 0 0 0 
0 0 0 0 0 0 0 0 0 0 0 0 0 0 0 
0 0 0 0 0 0 0 0 0 0 0 0 0 0 0 
0 0 0 0 0 0 0 0 0 0 0 0 0 0 0 
0 0 0 0 0 0 0 0 0 0 0 0 0 0 0 
